[gd_scene load_steps=4 format=3 uid="uid://cnssd75uvdgh"]

[ext_resource type="Script" path="res://scripts/playerMovement.gd" id="1_3fffm"]
[ext_resource type="PackedScene" uid="uid://usygm58pwklp" path="res://animations/combatTrishul.glb" id="2_8hbm4"]

[sub_resource type="CylinderShape3D" id="CylinderShape3D_sls2o"]
radius = 0.3

[node name="PlayerScene" type="CharacterBody3D"]
script = ExtResource("1_3fffm")

[node name="CollisionShape3D" type="CollisionShape3D" parent="."]
transform = Transform3D(1, 0, 0, 0, 1, 0, 0, 0, 1, 0, 1, 0)
shape = SubResource("CylinderShape3D_sls2o")

[node name="visuals" type="Node3D" parent="."]

[node name="combatTrishul" parent="visuals" instance=ExtResource("2_8hbm4")]
transform = Transform3D(-0.17, 0, -2.56693e-08, 0, 0.17, 0, 2.56693e-08, 0, -0.17, 0, 0, -0.402726)

[node name="Skeleton3D" parent="visuals/combatTrishul/Armature" index="0"]
bones/0/rotation = Quaternion(0.00240999, 1.19209e-07, 2.87291e-10, 0.999997)
bones/1/rotation = Quaternion(0.0330569, 0.000212819, 0.00493132, 0.999441)
bones/2/rotation = Quaternion(-0.138333, 0.000491481, -0.00732045, 0.990359)
bones/3/rotation = Quaternion(0.0286507, -0.000444903, 0.00235964, 0.999587)
bones/4/rotation = Quaternion(0.0857556, -0.00385707, -0.00848522, 0.996273)
bones/5/rotation = Quaternion(-0.107316, 0.00410181, 0.0124295, 0.994139)
bones/11/rotation = Quaternion(-0.65615, -0.0222684, -0.731101, 0.185642)
bones/12/rotation = Quaternion(0.000789648, 0.236588, -0.211741, 0.948257)
bones/13/rotation = Quaternion(-0.00479699, 0.484902, -0.0963119, 0.869236)
bones/18/rotation = Quaternion(0.781762, 0.0983004, -0.501029, -0.357986)
bones/19/rotation = Quaternion(0.119934, -0.47389, 0.224933, 0.842881)
bones/20/rotation = Quaternion(0.0907909, 0.965774, -0.208331, -0.125044)
bones/28/rotation = Quaternion(-0.0330437, -0.156164, 0.985318, -0.0605714)
bones/29/rotation = Quaternion(0.106036, -0.0278377, -0.0266344, 0.993616)
bones/30/rotation = Quaternion(0.696069, 0.0267396, 0.0317901, 0.716772)
bones/34/rotation = Quaternion(-0.0319206, 0.145753, 0.985995, 0.0745088)
bones/35/rotation = Quaternion(-0.139977, -0.0277107, 0.0360196, 0.989111)
bones/36/rotation = Quaternion(0.683531, -0.0467412, -0.0294495, 0.727828)

[node name="Cube" parent="visuals/combatTrishul/Armature/Skeleton3D" index="0"]
transform = Transform3D(1, 3.16123e-09, -4.44015e-09, -1.18916e-09, 0.977423, 0.211292, 5.26052e-09, -0.211292, 0.977423, -0.00256361, 5.23868, -1.01541)

[node name="Cube_021" parent="visuals/combatTrishul/Armature/Skeleton3D" index="1"]
transform = Transform3D(1, 3.16123e-09, -4.44015e-09, -1.18916e-09, 0.977423, 0.211292, 5.26052e-09, -0.211292, 0.977423, -0.00621952, 5.35256, -0.147527)

[node name="Cube_022" parent="visuals/combatTrishul/Armature/Skeleton3D" index="2"]
transform = Transform3D(1, 3.16123e-09, -4.44015e-09, -1.18916e-09, 0.977423, 0.211292, 5.26052e-09, -0.211292, 0.977423, 0.528376, 5.29931, -1.04701)

[node name="Cube_023" parent="visuals/combatTrishul/Armature/Skeleton3D" index="3"]
transform = Transform3D(1, 3.16123e-09, -4.44015e-09, -1.18916e-09, 0.977423, 0.211292, 5.26052e-09, -0.211292, 0.977423, -0.499989, 5.30479, -1.04819)

[node name="Cube_002" parent="visuals/combatTrishul/Armature/Skeleton3D" index="4"]
transform = Transform3D(1, 4.19095e-09, -7.45058e-09, -9.02219e-10, 0.970869, 0.23961, 1.02445e-08, -0.23961, 0.970869, 0.00139802, 4.33463, -0.965108)

[node name="Cube_007" parent="visuals/combatTrishul/Armature/Skeleton3D" index="5"]
transform = Transform3D(0.0908567, 0.988867, -0.11785, -0.876567, 0.135573, 0.461791, 0.472626, 0.061346, 0.879125, 2.06522, -0.388477, -0.0852016)

[node name="Cube_006" parent="visuals/combatTrishul/Armature/Skeleton3D" index="6"]
transform = Transform3D(0.137366, 0.613358, 0.777768, -0.910392, -0.231204, 0.34312, 0.390279, -0.755206, 0.526636, 1.90931, 0.724554, -0.660836)

[node name="Cube_005" parent="visuals/combatTrishul/Armature/Skeleton3D" index="7"]
transform = Transform3D(0.333606, 0.0751345, 0.939714, -0.941282, 0.0814495, 0.32765, -0.0519215, -0.993841, 0.0978946, 1.47377, 2.34207, -0.895209)

[node name="Icosphere_001" parent="visuals/combatTrishul/Armature/Skeleton3D" index="8"]
transform = Transform3D(0.333606, 0.0751345, 0.939714, -0.941282, 0.0814495, 0.32765, -0.0519215, -0.993841, 0.0978946, 1.01361, 3.60456, -0.807491)

[node name="Cube_009" parent="visuals/combatTrishul/Armature/Skeleton3D" index="9"]
transform = Transform3D(0.270893, -0.872034, -0.407643, 0.891343, 0.387144, -0.235853, 0.363488, -0.299459, 0.882156, -2.3006, -0.030671, -2.15975)

[node name="Trident" parent="visuals/combatTrishul/Armature/Skeleton3D" index="10"]
transform = Transform3D(0.0147319, -1.81876, -0.168189, -0.180491, -1.05874, 0.00567937, -0.0438078, 3.75046, -0.0799586, -2.04506, 0.117698, -2.69533)

[node name="Cube_015" parent="visuals/combatTrishul/Armature/Skeleton3D" index="11"]
transform = Transform3D(0.34687, -0.937793, 0.0150344, 0.936047, 0.345125, -0.0685927, 0.0591371, 0.0378656, 0.997531, -1.85135, 0.992573, -2.08152)

[node name="Cube_016" parent="visuals/combatTrishul/Armature/Skeleton3D" index="12"]
transform = Transform3D(0.188856, -0.945355, 0.265778, 0.840008, 0.0153318, -0.542357, 0.508645, 0.325683, 0.797001, -1.32361, 2.52169, -1.59346)

[node name="Icosphere" parent="visuals/combatTrishul/Armature/Skeleton3D" index="13"]
transform = Transform3D(0.188856, -0.945355, 0.265778, 0.840008, 0.0153318, -0.542357, 0.508645, 0.325683, 0.797001, -1.05469, 3.65552, -0.924341)

[node name="Cube_001" parent="visuals/combatTrishul/Armature/Skeleton3D" index="14"]
transform = Transform3D(1, 1.16415e-09, 2.44472e-09, -9.8953e-10, 0.999997, 0.00217238, -2.32831e-09, -0.00217238, 0.999997, -0.0119239, 3.10286, -0.845295)

[node name="Cube_004" parent="visuals/combatTrishul/Armature/Skeleton3D" index="15"]
transform = Transform3D(1, -1.08412e-09, 5.82077e-10, 1.1969e-09, 0.999978, -0.00658872, -5.23869e-10, 0.00658872, 0.999978, -0.0013529, 1.39213, -0.697614)

[node name="Cube_010" parent="visuals/combatTrishul/Armature/Skeleton3D" index="16"]
transform = Transform3D(0.999939, 0.0110471, 0.000506101, -0.0110576, 0.998895, 0.0456861, -8.3819e-08, -0.0456889, 0.998956, 1.14019, -5.57326, -1.30589)

[node name="Cube_018" parent="visuals/combatTrishul/Armature/Skeleton3D" index="17"]
transform = Transform3D(0.993011, 0.117821, -0.00682878, -0.118017, 0.991347, -0.0574619, 1.79512e-07, 0.0578665, 0.998324, 1.06963, -4.01127, -1.56314)

[node name="Cube_017" parent="visuals/combatTrishul/Armature/Skeleton3D" index="18"]
transform = Transform3D(0.993011, 0.11183, -0.0377153, -0.118017, 0.940939, -0.317342, 1.80677e-07, 0.319575, 0.947561, 0.785169, -1.53304, -1.08775)

[node name="Cube_019" parent="visuals/combatTrishul/Armature/Skeleton3D" index="19"]
transform = Transform3D(0.999261, 0.0381475, 0.00459515, -0.038423, 0.99209, 0.119504, -1.72295e-07, -0.119593, 0.992823, -1.20303, -5.5806, 0.551726)

[node name="Cube_011" parent="visuals/combatTrishul/Armature/Skeleton3D" index="20"]
transform = Transform3D(0.993894, -0.110216, -0.00518043, 0.110339, 0.992798, 0.0466628, -6.33299e-08, -0.0469496, 0.998897, -1.11295, -4.04065, 0.136002)

[node name="Cube_012" parent="visuals/combatTrishul/Armature/Skeleton3D" index="21"]
transform = Transform3D(0.993894, -0.10573, -0.0315528, 0.110339, 0.952389, 0.284218, -8.00937e-08, -0.285964, 0.95824, -0.803935, -1.54995, -0.277725)

[node name="Cube_003" parent="visuals/combatTrishul/Armature/Skeleton3D" index="22"]
transform = Transform3D(1, -7.77156e-15, -1.42109e-14, 7.54952e-15, 1, 4.65661e-10, 0, -4.65661e-10, 1, -0.165237, 0.159943, -0.721348)

[node name="Cube_020" parent="visuals/combatTrishul/Armature/Skeleton3D" index="23"]
transform = Transform3D(1, -7.77156e-15, -1.42109e-14, 7.54952e-15, 1, 4.65661e-10, 0, -4.65661e-10, 1, -0.00340529, 0.588746, -0.743896)

[node name="AnimationPlayer" parent="visuals/combatTrishul" index="3"]
playback_default_blend_time = 0.2

[node name="cameraHolder" type="Node3D" parent="."]
transform = Transform3D(1, 0, 0, 0, 1, 0, 0, 0, 1, 0, 1.4, 0)

[node name="Camera3D" type="Camera3D" parent="cameraHolder"]
transform = Transform3D(1, 0, 0, 0, 0.995443, 0.0953593, 0, -0.0953593, 0.995443, 0, 0.258415, 2.84663)

[editable path="visuals/combatTrishul"]
